# set xran [0.0:0.49497890310677745]
# plot for [ii=2:49] 'pyband.dat' u 1:ii with line lc rgb '#000' t ''
# 
    0.0000   -13.5287   -13.3084   -13.2054   -13.0517    -7.3227    -6.7768    -6.0271    -5.8309    -5.3348    -4.9945    -4.2619    -4.1847    -3.0020    -2.8561    -2.1410    -1.9835    -1.7820    -1.6607     1.1547     1.6695     1.9502     2.4213     2.8082     3.2248     3.3718     3.8881     4.2940     5.1819     6.6188     6.9628     7.2993     7.6976     8.1253     8.5245     8.7180     9.3024     9.8543    10.0313    10.1804    10.5796    10.8931    11.1345    12.2522    12.6944    13.2939    13.7050    14.2379    15.2892
    0.0062   -13.5371   -13.3154   -13.2083   -13.0544    -7.3135    -6.7698    -6.0201    -5.8236    -5.3326    -4.9912    -4.2582    -4.1812    -3.0012    -2.8523    -2.1446    -1.9880    -1.7921    -1.6670     1.1535     1.6627     1.9451     2.4053     2.8053     3.2228     3.3693     3.8855     4.3217     5.2064     6.6185     6.9588     7.2846     7.6892     8.1204     8.5420     8.7214     9.2844     9.8700    10.0116    10.2197    10.5939    10.9197    11.1642    12.2021    12.7598    13.2619    13.7123    14.2240    15.2956
    0.0125   -13.5621   -13.3361   -13.2173   -13.0625    -7.2861    -6.7488    -5.9991    -5.8021    -5.3264    -4.9816    -4.2471    -4.1706    -2.9988    -2.8410    -2.1553    -2.0014    -1.8205    -1.6859     1.1501     1.6429     1.9303     2.3612     2.7956     3.2169     3.3610     3.8779     4.4020     5.2782     6.6180     6.9487     7.2444     7.6586     8.1153     8.5789     8.7265     9.2624     9.9168     9.9591    10.3139    10.6365    10.9947    11.2517    12.1059    12.8989    13.1788    13.7249    14.1811    15.2160
    0.0187   -13.6030   -13.3699   -13.2321   -13.0759    -7.2413    -6.7147    -5.9647    -5.7668    -5.3168    -4.9664    -4.2287    -4.1531    -2.9939    -2.8227    -2.1732    -2.0238    -1.8631    -1.7165     1.1450     1.6116     1.9069     2.2977     2.7768     3.2069     3.3451     3.8650     4.5272     5.3929     6.6174     6.9369     7.1867     7.6046     8.1092     8.6148     8.7268     9.2841     9.8991     9.9937    10.4081    10.7064    11.1215    11.3835    12.0187    12.9982    13.1180    13.7297    14.1126    15.1466
    0.0250   -13.6584   -13.4160   -13.2525   -13.0943    -7.1804    -6.6682    -5.9175    -5.7184    -5.3049    -4.9469    -4.2030    -4.1286    -2.9856    -2.7980    -2.1986    -2.0552    -1.9138    -1.7567     1.1393     1.5707     1.8768     2.2235     2.7474     3.1926     3.3196     3.8467     4.6877     5.5435     6.6163     6.9280     7.1195     7.5393     8.0787     8.6438     8.7396     9.3519     9.8573    10.0981    10.4684    10.8016    11.3056    11.5353    11.9641    12.8753    13.2437    13.7257    14.0189    15.1054
    0.0312   -13.7270   -13.4733   -13.2782   -13.1173    -7.1051    -6.6110    -5.8587    -5.6584    -5.2916    -4.9249    -4.1701    -4.0973    -2.9732    -2.7673    -2.2315    -2.0955    -1.9665    -1.8024     1.1341     1.5227     1.8423     2.1452     2.7069     3.1738     3.2835     3.8226     4.8737     5.7207     6.6104     6.9221     7.0555     7.4781     8.0125     8.6525     8.7980     9.4292     9.8545    10.2274    10.5005    10.9200    11.5207    11.6891    11.9555    12.7026    13.3614    13.7308    13.9021    14.9256
    0.0375   -13.8070   -13.5405   -13.3087   -13.1445    -7.0175    -6.5445    -5.7901    -5.5891    -5.2770    -4.9021    -4.1302    -4.0593    -2.9556    -2.7307    -2.2720    -2.1444    -2.0148    -1.8488     1.1308     1.4696     1.8059     2.0670     2.6552     3.1503     3.2358     3.7926     5.0760     5.9125     6.5889     6.9033     7.0280     7.4343     7.9251     8.6440     8.8932     9.4800     9.9016    10.3780    10.5300    11.0584    11.6747    11.8801    11.9982    12.5101    13.4212    13.7650    13.7793    14.8072
    0.0437   -13.8966   -13.6164   -13.3433   -13.1754    -6.9202    -6.4707    -5.7143    -5.5147    -5.2583    -4.8807    -4.0834    -4.0147    -2.9324    -2.6882    -2.3202    -2.2017    -2.0530    -1.8902     1.1306     1.4137     1.7703     1.9914     2.5930     3.1217     3.1763     3.7561     5.2857     6.1027     6.5365     6.8651     7.0659     7.4189     7.8355     8.6295     8.9946     9.5034     9.9792    10.5463    10.5841    11.2123    11.7269    12.0279    12.1280    12.3307    13.4386    13.6216    13.8660    14.6231
    0.0500   -13.9940   -13.6993   -13.3816   -13.2095    -6.8164    -6.3919    -5.6366    -5.4421    -5.2270    -4.8620    -4.0300    -3.9638    -2.9029    -2.6398    -2.3760    -2.2669    -2.0761    -1.9209     1.1348     1.3568     1.7377     1.9196     2.5211     3.0873     3.1058     3.7129     5.4935     6.2649     6.4536     6.8365     7.1584     7.4398     7.7570     8.6147     9.0708     9.5281    10.0558    10.6785    10.7282    11.3767    11.7151    12.0113    12.0850    12.4552    13.4511    13.4761    13.9872    14.3810
    0.0562   -14.0974   -13.7878   -13.4227   -13.2462    -6.7106    -6.3105    -5.5672    -5.3764    -5.1704    -4.8460    -3.9702    -3.9068    -2.8669    -2.5853    -2.4390    -2.3394    -2.0808    -1.9363     1.1443     1.3010     1.7103     1.8525     2.4409     3.0231     3.0491     3.6627     5.6876     6.2953     6.4277     6.8391     7.2985     7.4996     7.6970     8.6019     9.0943     9.5820    10.1189    10.8081    10.9187    11.5440    11.6363    11.7730    12.1243    12.6412    13.3030    13.5454    14.0468    14.2098
    0.0625   -14.2051   -13.8805   -13.4660   -13.2850    -6.6089    -6.2290    -5.5208    -5.3066    -5.0869    -4.8301    -3.9042    -3.8440    -2.8246    -2.5251    -2.5084    -2.4181    -2.0651    -1.9326     1.1598     1.2483     1.6897     1.7905     2.3541     2.9329     3.0034     3.6051     5.8455     6.1868     6.4658     6.8936     7.4754     7.5942     7.6617     8.5902     9.0655     9.6619    10.1702    10.9502    11.1122    11.4713    11.5554    11.7067    12.1608    12.7353    13.1434    13.7261    13.8230    13.9423
    0.0687   -14.3155   -13.9760   -13.5110   -13.3253    -6.5203    -6.1497    -5.4980    -5.2204    -4.9908    -4.8052    -3.8325    -3.7756    -2.7766    -2.5847    -2.5023    -2.4582    -2.0285    -1.9082     1.1817     1.2006     1.6771     1.7338     2.2630     2.8352     2.9521     3.5399     5.9037     6.1058     6.4812     6.9899     7.6322     7.6669     7.7458     8.5756     9.0059     9.7396    10.2112    11.0526    11.2661    11.3035    11.3991    11.8485    12.1710    12.7741    12.9854    13.5186    13.7217    13.8262
    0.0750   -14.4271   -14.0730   -13.5570   -13.3665    -6.4563    -6.0752    -5.4809    -5.1234    -4.9043    -4.7504    -3.7554    -3.7022    -2.7237    -2.6656    -2.5906    -2.3874    -1.9719    -1.8630     1.1601     1.2103     1.6730     1.6831     2.1699     2.7323     2.8946     3.4671     5.8149     6.0817     6.5238     7.1002     7.6405     7.8363     7.9365     8.5518     8.9322     9.7847    10.2389    10.9455    11.2209    11.3128    11.4779    11.9528    12.1429    12.7974    12.8385    13.2563    13.5411    13.6495
    0.0812   -14.5386   -14.1702   -13.6033   -13.4081    -6.4269    -6.0108    -5.4501    -5.0258    -4.8363    -4.6508    -3.6735    -3.6240    -2.7505    -2.6822    -2.6670    -2.3134    -1.8974    -1.7985     1.1293     1.2453     1.6380     1.6783     2.0777     2.6267     2.8312     3.3869     5.6795     6.0257     6.5979     7.2056     7.6684     7.9987     8.1467     8.5150     8.8519     9.7755    10.2454    10.7848    11.1462    11.3569    11.6234    11.9991    12.0937    12.6778    12.7609    13.1285    13.3122    13.4721
    0.0875   -14.6487   -14.2665   -13.6494   -13.4496    -6.4349    -5.9666    -5.3922    -4.9349    -4.7617    -4.5242    -3.5874    -3.5416    -2.8381    -2.7747    -2.6090    -2.2385    -1.8087    -1.7171     1.1104     1.2865     1.5998     1.6922     1.9895     2.5208     2.7618     3.2994     5.5374     5.9377     6.6668     7.2914     7.7166     8.1498     8.3429     8.4765     8.7733     9.7173    10.2146    10.6885    11.0965    11.3648    11.7153    11.9768    12.0489    12.5267    12.5994    13.1389    13.1858    13.3272
    0.0937   -14.7564   -14.3610   -13.6949   -13.4905    -6.4749    -5.9515    -5.3021    -4.8488    -4.6669    -4.3859    -3.4978    -3.4556    -2.9273    -2.8679    -2.5507    -2.1648    -1.7119    -1.6207     1.1055     1.3334     1.5684     1.7144     1.9086     2.4172     2.6870     3.2051     5.3971     5.8348     6.7029     7.3437     7.7718     8.2416     8.4186     8.5548     8.7369     9.6417    10.1451    10.6538    11.0612    11.3150    11.7159    11.9063    12.0113    12.3669    12.4614    13.0025    13.2270    13.3370
    0.1000   -14.8606   -14.4525   -13.7391   -13.5303    -6.5378    -5.9661    -5.1843    -4.7583    -4.5578    -4.2419    -3.4057    -3.3665    -3.0165    -2.9600    -2.4945    -2.0947    -1.6141    -1.5109     1.1167     1.3851     1.5443     1.7440     1.8387     2.3185     2.6073     3.1050     5.2614     5.7261     6.6908     7.3467     7.8006     8.2419     8.4141     8.7135     8.8135     9.5761    10.0613    10.6278    11.0045    11.2427    11.6008    11.8161    11.9856    12.2156    12.4042    12.8493    13.2368    13.4479
    0.1062   -14.9604   -14.5404   -13.7817   -13.5688    -6.6150    -6.0041    -5.0473    -4.6586    -4.4419    -4.0948    -3.3125    -3.2751    -3.1040    -3.0499    -2.4426    -2.0308    -1.5215    -1.3905     1.1455     1.4409     1.5273     1.7789     1.7850     2.2275     2.5235     3.0000     5.1319     5.6163     6.6230     7.2840     7.7653     8.2265     8.4372     8.8748     8.9538     9.5293     9.9792    10.5593    10.9109    11.2027    11.4167    11.6766    12.0002    12.1004    12.3999    12.7359    13.2874    13.5511
    0.1125   -15.0550   -14.6239   -13.8223   -13.6054    -6.6995    -6.0575    -4.8987    -4.5501    -4.3234    -3.9463    -3.2277    -3.1833    -3.1802    -3.1353    -2.3974    -1.9759    -1.4376    -1.2644     1.1922     1.4996     1.5171     1.7478     1.8215     2.1468     2.4366     2.8913     5.0095     5.5077     6.4990     7.1552     7.6685     8.2456     8.5158     9.0071     9.1034     9.4993     9.8999    10.4500    10.7979    11.2070    11.2261    11.4876    12.0065    12.0746    12.4171    12.6381    13.3889    13.6260
    0.1187   -15.1437   -14.7022   -13.8605   -13.6399    -6.7864    -6.1198    -4.7446    -4.4357    -4.2046    -3.7974    -3.2773    -3.2211    -3.1171    -3.0882    -2.3614    -1.9327    -1.3643    -1.1378     1.2561     1.5133     1.5601     1.7338     1.8665     2.0789     2.3480     2.7807     4.8947     5.4018     6.3261     6.9787     7.5454     8.3064     8.6218     9.0667     9.2275     9.4948     9.8199    10.3527    10.7166    10.9916    11.2777    11.2926    11.9544    12.1387    12.4482    12.5554    13.5810    13.7386
    0.1250   -15.2258   -14.7748   -13.8960   -13.6719    -6.8719    -6.1857    -4.5895    -4.3188    -4.0869    -3.6490    -3.3540    -3.2976    -3.0268    -2.9951    -2.3364    -1.9039    -1.3025    -1.0153     1.3350     1.5168     1.6212     1.7423     1.9136     2.0259     2.2594     2.6698     4.7880     5.2991     6.1193     6.7746     7.4245     8.3938     8.7266     9.0311     9.2697     9.5270     9.7473    10.3292    10.7112    10.7805    11.0670    11.3764    11.9119    12.1810    12.4808    12.5015    13.7885    13.8311
    0.1312   -15.3008   -14.8411   -13.9285   -13.7013    -6.9534    -6.2516    -4.4371    -4.2028    -3.9713    -3.5016    -3.4260    -3.3687    -2.9385    -2.9040    -2.3238    -1.8916    -1.2525    -0.9006     1.4250     1.5295     1.6815     1.7716     1.9602     1.9893     2.1732     2.5609     4.6893     5.1993     5.8971     6.5579     7.3169     8.4908     8.7740     8.9649     9.1994     9.5644     9.7099    10.4084    10.5799    10.7940    10.8652    11.4610    11.8795    12.1840    12.4234    12.5646    13.9653    13.9889
    0.1375   -15.3681   -14.9006   -13.9577   -13.7277    -7.0288    -6.3144    -4.2910    -4.0909    -3.8588    -3.4918    -3.4332    -3.3559    -2.8547    -2.8165    -2.3241    -1.8970    -1.2137    -0.7969     1.5175     1.5560     1.7394     1.8180     1.9697     2.0003     2.0965     2.4561     4.5986     5.1012     5.6768     6.3411     7.2243     8.5609     8.6933     8.9585     9.0917     9.5825     9.7110    10.3944    10.5686    10.6776    10.9510    11.5365    11.8561    12.1564    12.3754    12.6264    14.0663    14.2561
    0.1437   -15.4273   -14.9531   -13.9834   -13.7510    -7.0966    -6.3722    -4.1546    -3.9862    -3.7507    -3.5503    -3.4903    -3.2125    -2.7771    -2.7347    -2.3367    -1.9207    -1.1847    -0.7062     1.5733     1.6290     1.7934     1.8759     1.9677     1.9877     2.0755     2.3581     4.5157     5.0027     5.4739     6.1346     7.1456     8.4521     8.7187     8.8195     9.1239     9.5852     9.7393    10.2275    10.5085    10.7730    11.1558    11.5970    11.8403    12.1098    12.3375    12.6719    14.2386    14.6164
    0.1499   -15.4780   -14.9980   -14.0055   -13.7710    -7.1556    -6.4232    -4.0312    -3.8915    -3.6486    -3.6010    -3.5395    -3.0720    -2.7075    -2.6605    -2.3599    -1.9620    -1.1641    -0.6300     1.6118     1.7207     1.8412     1.9249     1.9339     1.9889     2.1083     2.2692     4.4402     4.9016     5.3016     5.9468     7.0795     8.2796     8.6259     8.8062     9.1823     9.5909     9.7856    10.0818    10.3611    10.9945    11.3851    11.6412    11.8304    12.0525    12.3085    12.6975    14.3372    14.6247
    0.1562   -15.5199   -15.0352   -14.0238   -13.7875    -7.2050    -6.4664    -3.9244    -3.8096    -3.6432    -3.5804    -3.5549    -2.9355    -2.6474    -2.5961    -2.3907    -2.0195    -1.1500    -0.5686     1.6509     1.8037     1.8560     1.8916     1.9725     2.0417     2.1427     2.1923     4.3718     4.7995     5.1675     5.7848     7.0254     8.1168     8.4585     8.8669     9.2210     9.6127     9.8433     9.9594    10.2372    11.2122    11.6075    11.6834    11.8249    11.9919    12.2873    12.7048    14.4127    14.7927
    0.1624   -15.5528   -15.0643   -14.0381   -13.8005    -7.2440    -6.5008    -3.8372    -3.7430    -3.6765    -3.6125    -3.4732    -2.8045    -2.5985    -2.5434    -2.4247    -2.0908    -1.1408    -0.5219     1.6878     1.8094     1.8720     1.9216     2.0005     2.1061     2.1294     2.1721     4.3114     4.7053     5.0710     5.6542     6.9830     7.9790     8.3166     8.9100     9.2387     9.6499     9.8619     9.9052    10.1389    11.4012    11.6791    11.8218    11.8597    11.9362    12.2725    12.6981    14.4311    15.0187
    0.1687   -15.5764   -15.0853   -14.0484   -13.8098    -7.2722    -6.5258    -3.7726    -3.7005    -3.6938    -3.6357    -3.4080    -2.6824    -2.5624    -2.5043    -2.4556    -2.1719    -1.1353    -0.4892     1.7181     1.7720     1.9219     1.9460     2.0249     2.0834     2.1618     2.1940     4.2619     4.6309     5.0062     5.5589     6.9524     7.8747     8.2096     8.9363     9.2431     9.6912     9.7915     9.9601    10.0676    11.5206    11.7262    11.8196    11.8907    12.0542    12.2631    12.6815    14.4284    15.1632
    0.1749   -15.5907   -15.0979   -14.0546   -13.8154    -7.2892    -6.5409    -3.7329    -3.7150    -3.6636    -3.6497    -3.3653    -2.5801    -2.5402    -2.4803    -2.4747    -2.2534    -1.1324    -0.4700     1.7380     1.7488     1.9517     1.9609     2.0422     2.0561     2.1990     2.2076     4.2284     4.5844     4.9685     5.5011     6.9340     7.8097     8.1431     8.9498     9.2426     9.7225     9.7489     9.9986    10.0245    11.5568    11.7936    11.8181    11.8650    12.1935    12.2586    12.6608    14.4142    15.1314
    0.1812   -15.5954   -15.1021   -14.0567   -13.8173    -7.2949    -6.5460    -3.7200    -3.7193    -3.6543    -3.6534    -3.3503    -2.5367    -2.5327    -2.4742    -2.4716    -2.2982    -1.1315    -0.4637     1.7408     1.7450     1.9611     1.9662     2.0447     2.0509     2.2114     2.2128     4.2164     4.5687     4.9560     5.4818     6.9278     7.7877     8.1206     8.9539     9.2420     9.7333     9.7354    10.0086    10.0139    11.5614    11.8114    11.8296    11.8575    12.2423    12.2615    12.6499    14.4077    15.1583
    0.1812   -15.5954   -15.1021   -14.0567   -13.8173    -7.2949    -6.5460    -3.7200    -3.7193    -3.6543    -3.6534    -3.3503    -2.5367    -2.5327    -2.4742    -2.4716    -2.2982    -1.1315    -0.4637     1.7408     1.7450     1.9611     1.9662     2.0447     2.0509     2.2114     2.2128     4.2164     4.5687     4.9560     5.4818     6.9278     7.7877     8.1206     8.9539     9.2420     9.7333     9.7354    10.0086    10.0139    11.5614    11.8114    11.8296    11.8575    12.2423    12.2615    12.6499    14.4062    15.1257
    0.1884   -15.5891   -15.0965   -14.0540   -13.8148    -7.2873    -6.5392    -3.7372    -3.7135    -3.6672    -3.6479    -3.3702    -2.5932    -2.5435    -2.4826    -2.4729    -2.2417    -1.1327    -0.4722     1.7341     1.7531     1.9480     1.9598     2.0421     2.0571     2.1953     2.2054     4.2323     4.5896     4.9726     5.5076     6.9361     7.8171     8.1506     8.9484     9.2428     9.7181     9.7544     9.9954    10.0280    11.5545    11.7892    11.8166    11.8648    12.1724    12.2634    12.6640    14.4161    15.1279
    0.1956   -15.5701   -15.0797   -14.0457   -13.8073    -7.2646    -6.5191    -3.7899    -3.7074    -3.6941    -3.6293    -3.4260    -2.7181    -2.5737    -2.5155    -2.4455    -2.1460    -1.1367    -0.4980     1.7079     1.7842     1.9086     1.9395     2.0190     2.0946     2.1468     2.1871     4.2758     4.6512     5.0232     5.5845     6.9606     7.9032     8.2383     8.9297     9.2427     9.6782     9.8109     9.9456    10.0856    11.4959    11.7123    11.8165    11.8975    11.9980    12.2682    12.6884    14.4294    15.1266
    0.2028   -15.5387   -15.0518   -14.0320   -13.7949    -7.2272    -6.4860    -3.8746    -3.7720    -3.6624    -3.5987    -3.5089    -2.8617    -2.6246    -2.5709    -2.4039    -2.0545    -1.1444    -0.5420     1.6678     1.8337     1.8443     1.9065     1.9872     2.0782     2.1561     2.1582     4.3384     4.7474     5.1115     5.7108     7.0012     8.0398     8.3782     8.8929     9.2345     9.6288     9.8680     9.9124    10.1797    11.3293    11.6640    11.7275    11.8477    11.9603    12.2747    12.7062    14.4305    14.9666
    0.2100   -15.4950   -15.0131   -14.0129   -13.7777    -7.1756    -6.4406    -3.9875    -3.8584    -3.6194    -3.6093    -3.5565    -3.0120    -2.6968    -2.6490    -2.3573    -1.9759    -1.1577    -0.6050     1.6186     1.7543     1.8567     1.9094     1.9466     2.0082     2.1167     2.2432     4.4135     4.8630     5.2462     5.8825     7.0575     8.2174     8.5609     8.8340     9.2086     9.5869     9.8002    10.0337    10.3063    11.1023    11.4495    11.6523    11.8256    12.0384    12.2813    12.7129    14.3685    14.7003
    0.2173   -15.4395   -14.9640   -13.9887   -13.7558    -7.1106    -6.3842    -4.1236    -3.9628    -3.7215    -3.5644    -3.5036    -3.1642    -2.7911    -2.7497    -2.3111    -1.9127    -1.1787    -0.6872     1.5654     1.6480     1.8036     1.8865     1.9622     1.9916     2.0721     2.3503     4.4988     4.9818     5.4337     6.0934     7.1296     8.4223     8.7389     8.7886     9.1589     9.5585     9.7398    10.1843    10.4566    10.8639    11.1705    11.6118    11.8071    12.1210    12.2853    12.7084    14.2707    14.5668
    0.2245   -15.3726   -14.9047   -13.9596   -13.7295    -7.0333    -6.3181    -4.2776    -4.0810    -3.8382    -3.5006    -3.4411    -3.3154    -2.9080    -2.8714    -2.2684    -1.8656    -1.2096    -0.7879     1.5112     1.5338     1.7414     1.8181     1.9420     2.0020     2.1099     2.4756     4.5942     5.0981     5.6684     6.3356     7.2179     8.6139     8.6764     8.9951     9.0993     9.5339     9.7036    10.3423    10.6003    10.6569    10.9108    11.5652    11.7793    12.1978    12.2817    12.7003    14.1054    14.3558
    0.2317   -15.2948   -14.8358   -13.9258   -13.6989    -6.9453    -6.2443    -4.4443    -4.2082    -3.9560    -3.4638    -3.4295    -3.3707    -3.0475    -3.0110    -2.2310    -1.8343    -1.2528    -0.9049     1.4098     1.4700     1.6732     1.7563     1.9240     1.9635     2.2220     2.6158     4.7005     5.2150     5.9349     6.6005     7.3239     8.5402     8.8374     8.9994     9.2379     9.5073     9.6904    10.3988    10.5658    10.6024    10.8396    11.5320    11.7391    12.2490    12.2743    12.7075    13.9072    14.0998
    0.2389   -15.2068   -14.7580   -13.8876   -13.6644    -6.8482    -6.1654    -4.6183    -4.3395    -4.0720    -3.6082    -3.3550    -3.2958    -3.2059    -3.1649    -2.2000    -1.8185    -1.3096    -1.0344     1.2950     1.4321     1.6021     1.7032     1.8832     1.9657     2.3461     2.7670     4.8184     5.3362     6.2159     6.8782     7.4499     8.4401     8.8441     9.0600     9.3567     9.5233     9.6846    10.3159    10.4341    10.6710    10.9517    11.5436    11.6888    12.2136    12.3194    12.7521    13.7184    13.8391
    0.2461   -15.1093   -14.6719   -13.8454   -13.6263    -6.7445    -6.0848    -4.7945    -4.4695    -4.1841    -3.7493    -3.3930    -3.3306    -3.2718    -3.2130    -2.1761    -1.8172    -1.3805    -1.1712     1.1877     1.4035     1.5337     1.6560     1.8484     1.9900     2.4761     2.9253     4.9481     5.4641     6.4930     7.1565     7.5983     8.3530     8.7431     9.1400     9.3269     9.5660     9.6929    10.3082    10.3740    10.7159    11.0410    11.5895    11.6495    12.1535    12.3871    12.8407    13.4871    13.5639
    0.2533   -15.0033   -14.5784   -13.7996   -13.5849    -6.6375    -6.0072    -4.9675    -4.5924    -4.2910    -3.8894    -3.5804    -3.4994    -3.2013    -3.1362    -2.1602    -1.8297    -1.4644    -1.3083     1.0903     1.3792     1.4757     1.6153     1.8343     2.0272     2.6079     3.0867     5.0897     5.5998     6.7461     7.4164     7.7670     8.2967     8.6376     9.1280     9.2481     9.5072     9.7309    10.3839    10.4482    10.6980    11.0789    11.5424    11.6795    12.1188    12.5044    12.9632    13.2340    13.2843
    0.2605   -14.8896   -14.4783   -13.7507   -13.5407    -6.5316    -5.9390    -5.1308    -4.7018    -4.3928    -4.0345    -3.7747    -3.6639    -3.1396    -3.0664    -2.1529    -1.8554    -1.5581    -1.4364     1.0039     1.3481     1.4392     1.5890     1.8419     2.0744     2.7377     3.2468     5.2431     5.7436     6.9550     7.6225     7.9352     8.3051     8.5560     9.0532     9.1505     9.3991     9.7823    10.4748    10.5925    10.6792    11.0568    11.4356    11.6221    12.1822    12.6594    12.9852    13.0475    13.1182
    0.2677   -14.7695   -14.3728   -13.6991   -13.4941    -6.4331    -5.8891    -5.2751    -4.7911    -4.4918    -4.1923    -3.9666    -3.8106    -3.0971    -3.0119    -2.1550    -1.8939    -1.6548    -1.5459     0.9300     1.3085     1.4258     1.5859     1.8677     2.1297     2.8618     3.4021     5.4079     5.8952     7.1007     7.7371     8.0410     8.4050     8.5573     8.9586     9.0491     9.3032     9.8328    10.4971    10.7206    10.7479    10.9956    11.2706    11.4695    12.2987    12.6904    12.8034    13.0298    13.2973
    0.2750   -14.6440   -14.2628   -13.6454   -13.4456    -6.3511    -5.8696    -5.3857    -4.8558    -4.5938    -4.3662    -4.1455    -3.9298    -3.0834    -2.9824    -2.1675    -1.9449    -1.7413    -1.6303     0.8712     1.2733     1.4262     1.6077     1.9069     2.1909     2.9771     3.5487     5.5837     6.0542     7.1651     7.7879     8.0323     8.5282     8.6682     8.8939     8.9724     9.2571     9.8811    10.4731    10.7971    10.8292    10.8593    11.1360    11.3077    12.3221    12.6045    12.7489    13.2144    13.6550
    0.2822   -14.5147   -14.1499   -13.5902   -13.3956    -6.2972    -5.8902    -5.4450    -4.9005    -4.7057    -4.5506    -4.2954    -4.0202    -3.1061    -2.9872    -2.1914    -2.0078    -1.8036    -1.6869     0.8317     1.2534     1.4359     1.6498     1.9551     2.2565     3.0810     3.6838     5.7694     6.2199     7.1433     7.7971     7.9969     8.5558     8.6904     8.9429     9.0107     9.2984     9.9295    10.4423    10.5783    10.7711    10.8379    11.1469    11.2620    12.2191    12.5496    12.8345    13.3919    13.6833
    0.2894   -14.3829   -14.0352   -13.5340   -13.3449    -6.2817    -5.9429    -5.4486    -4.9656    -4.8057    -4.7344    -4.4011    -4.0857    -3.1680    -3.0310    -2.2277    -2.0793    -1.8351    -1.7156     0.8153     1.2557     1.4519     1.7065     2.0075     2.3249     3.1715     3.8049     5.9639     6.3910     7.0553     7.7193     8.0320     8.5023     8.6353     8.9516     9.1945     9.4234     9.9612    10.2692    10.4117    10.6593    10.8314    11.2233    11.3338    12.0946    12.5232    12.9439    13.5339    13.8210
    0.2966   -14.2503   -13.9204   -13.4777   -13.2939    -6.3055    -6.0048    -5.4128    -5.1081    -4.9370    -4.8150    -4.4626    -4.1306    -3.2652    -3.1119    -2.2775    -2.1556    -1.8384    -1.7198     0.8250     1.2842     1.4703     1.7724     2.0595     2.3944     3.2480     3.9110     6.1645     6.5663     6.9276     7.5917     8.0838     8.4508     8.5923     8.9652     9.3160     9.4979     9.9073    10.1659    10.2994    10.6427    10.8707    11.3131    11.4273    11.9734    12.5128    13.0446    13.5996    13.9689
    0.3038   -14.1186   -13.8070   -13.4218   -13.2434    -6.3568    -6.0609    -5.3652    -5.2826    -5.1138    -4.8056    -4.4911    -4.1580    -3.3902    -3.2223    -2.3425    -2.2330    -1.8196    -1.7047     0.8609     1.3393     1.4873     1.8425     2.1074     2.4633     3.3109     4.0021     6.3655     6.7386     6.7860     7.4472     8.0839     8.4477     8.5791     8.9948     9.2921     9.3671     9.9679    10.1214    10.3114    10.7291    10.9640    11.3918    11.5193    11.8547    12.5104    13.1463    13.5231    13.9376
    0.3110   -13.9898   -13.6966   -13.3671   -13.1939    -6.4179    -6.1069    -5.4765    -5.3644    -5.2166    -4.7862    -4.4965    -4.1707    -3.5347    -3.3530    -2.4229    -2.3094    -1.7846    -1.6745     0.9192     1.4172     1.5003     1.9099     2.1503     2.5294     3.3625     4.0799     6.5286     6.6538     6.9230     7.3019     8.0211     8.4698     8.6064     9.0093     9.1129     9.2664    10.0914    10.1240    10.3995    10.8883    11.1001    11.4476    11.6005    11.7514    12.5105    13.2570    13.3540    13.8179
    0.3182   -13.8657   -13.5911   -13.3144   -13.1461    -6.4750    -6.1410    -5.6538    -5.5111    -5.1752    -4.7667    -4.4868    -4.1716    -3.6920    -3.4965    -2.5156    -2.3858    -1.7369    -1.6308     0.9901     1.4985     1.5216     1.9645     2.1941     2.5898     3.4061     4.1472     6.4383     6.7475     7.0735     7.2031     7.9192     8.4772     8.6660     8.8321     9.0980     9.2633    10.1587    10.2361    10.4937    11.0924    11.2446    11.4528    11.6344    11.7464    12.5072    13.1234    13.3789    13.6431
    0.3255   -13.7482   -13.4919   -13.2645   -13.1006    -6.5198    -6.1609    -5.8219    -5.6705    -5.1146    -4.7502    -4.4676    -4.1642    -3.8559    -3.6465    -2.6158    -2.4641    -1.6781    -1.5734     1.0553     1.5161     1.6121     1.9941     2.2528     2.6412     3.4461     4.2078     6.2935     6.7790     7.1020     7.3071     7.8213     8.4718     8.6089     8.7597     9.1398     9.3829    10.2301    10.3580    10.5966    11.2797    11.3127    11.4495    11.6776    11.8384    12.4852    12.8991    13.3262    13.6896
    0.3327   -13.6394   -13.4007   -13.2180   -13.0583    -6.5471    -6.1650    -5.9758    -5.8199    -5.0609    -4.7386    -4.4429    -4.1586    -4.0145    -3.7976    -2.7195    -2.5453    -1.6089    -1.5016     1.0889     1.5337     1.7028     1.9984     2.3371     2.6812     3.4868     4.2657     6.1601     6.6764     7.1031     7.4643     7.8139     8.3697     8.5215     8.8718     9.2375     9.5562    10.3098    10.4697    10.7089    11.1927    11.4703    11.5146    11.7719    11.9520    12.4104    12.7500    13.1024    13.5285
    0.3399   -13.5409   -13.3189   -13.1758   -13.0196    -6.5541    -6.1642    -6.1003    -5.9549    -5.0208    -4.7331    -4.4186    -4.2255    -4.0977    -3.9386    -2.8229    -2.6289    -1.5302    -1.4156     1.0744     1.5376     1.7916     1.9940     2.4458     2.7092     3.5312     4.3236     6.0457     6.5362     7.0226     7.5915     7.9300     8.2196     8.5594     9.0170     9.3727     9.7609    10.3934    10.5724    10.8000    11.1091    11.5356    11.5697    11.8993    12.0018    12.3299    12.7124    12.9038    13.3180
    0.3471   -13.4543   -13.2475   -13.1385   -12.9852    -6.5394    -6.2515    -6.1018    -6.0710    -4.9999    -4.7336    -4.4410    -4.3273    -4.1462    -4.0147    -2.9223    -2.7141    -1.4439    -1.3175     1.0181     1.4915     1.8887     2.0000     2.5665     2.7303     3.5799     4.3829     5.9540     6.3935     6.9033     7.6208     8.0589     8.2314     8.6327     9.1902     9.5326     9.9874    10.4766    10.6697    10.7994    11.1131    11.5048    11.6183    11.8543    12.0523    12.3609    12.7396    12.7618    12.9988
    0.3543   -13.3809   -13.1872   -13.1068   -12.9555    -6.5035    -6.3531    -6.1763    -6.0424    -5.0052    -4.7390    -4.5738    -4.3466    -4.2312    -4.0011    -3.0135    -2.7993    -1.3535    -1.2114     0.9361     1.3954     1.9429     2.0630     2.6567     2.7768     3.6309     4.4428     5.8864     6.2610     6.7890     7.5229     8.1662     8.4047     8.7505     9.3846     9.7094    10.2269    10.5486    10.7400    10.7664    11.1439    11.3973    11.6584    11.7283    12.1312    12.3765    12.6705    12.7659    12.8047
    0.3615   -13.3214   -13.1384   -13.0811   -12.9310    -6.4609    -6.4247    -6.2585    -5.9654    -5.0442    -4.7600    -4.7030    -4.4344    -4.2224    -3.9709    -3.0911    -2.8823    -1.2640    -1.1034     0.8432     1.2728     1.9401     2.1776     2.6731     2.8822     3.6803     4.5013     5.8426     6.1497     6.6965     7.3724     8.2973     8.5584     8.9401     9.5895     9.8945    10.4577    10.5808    10.7398    10.8370    11.1098    11.2666    11.5302    11.8363    12.1669    12.3183    12.4625    12.7495    12.7968
    0.3687   -13.2761   -13.1010   -13.0618   -12.9119    -6.5105    -6.3716    -6.3200    -5.8711    -5.1184    -4.8608    -4.7379    -4.5357    -4.1754    -3.9447    -3.1486    -2.9608    -1.1824    -1.0020     0.7528     1.1466     1.9241     2.2875     2.6619     2.9922     3.7233     4.5549     5.8193     6.0685     6.6337     7.2115     8.4263     8.6556     9.1939     9.7852    10.0732    10.5237    10.6857    10.8245    10.8552    11.0269    11.2031    11.4164    11.9587    12.1502    12.2195    12.2744    12.6130    12.8756
    0.3760   -13.2450   -13.0746   -13.0489   -12.8983    -6.5568    -6.3701    -6.2890    -5.7676    -5.2140    -4.9678    -4.7516    -4.6114    -4.1252    -3.9307    -3.1795    -3.0315    -1.1167    -0.9176     0.6773     1.0376     1.9061     2.3749     2.6441     3.0802     3.7562     4.5994     5.8142     6.0165     6.6109     7.0528     8.5347     8.7121     9.4728     9.9352    10.2106    10.5074    10.7463    10.8142    10.9389    11.0250    11.2368    11.3602    11.8979    12.0309    12.1687    12.3218    12.4471    12.8355
    0.3832   -13.2272   -13.0590   -13.0418   -12.8903    -6.5845    -6.3954    -6.2238    -5.6727    -5.3016    -5.0499    -4.7692    -4.6531    -4.0846    -3.9299    -3.1812    -3.0906    -1.0744    -0.8616     0.6276     0.9637     1.8919     2.4313     2.6272     3.1358     3.7771     4.6300     5.8263     5.9813     6.6418     6.9030     8.6063     8.7402     9.7413     9.9944    10.2308    10.5372    10.7073    10.8468    10.9738    11.0789    11.3198    11.4000    11.7136    11.9609    12.1224    12.2866    12.4771    12.7455
    0.3904   -13.2218   -13.0545   -13.0391   -12.8876    -6.5937    -6.4037    -6.1959    -5.6280    -5.3409    -5.0836    -4.7804    -4.6649    -4.0675    -3.9336    -3.1572    -3.1333    -1.0601    -0.8422     0.6104     0.9378     1.8862     2.4518     2.6185     3.1545     3.7850     4.6417     5.8331     5.9683     6.7159     6.7882     8.6221     8.7562     9.8915     9.9896    10.1854    10.5751    10.6853    10.8893    10.9887    11.0829    11.3267    11.5310    11.5600    11.9846    12.0936    12.1754    12.6060    12.6259
    0.3904   -13.2218   -13.0545   -13.0391   -12.8876    -6.5937    -6.4037    -6.1959    -5.6280    -5.3409    -5.0836    -4.7804    -4.6649    -4.0675    -3.9336    -3.1572    -3.1333    -1.0601    -0.8422     0.6104     0.9378     1.8862     2.4518     2.6185     3.1545     3.7850     4.6417     5.8331     5.9683     6.7159     6.7882     8.6221     8.7562     9.8915     9.9896    10.1854    10.5751    10.6853    10.8893    10.9887    11.0829    11.3267    11.5310    11.5600    11.9846    12.0933    12.1754    12.6100    12.6415
    0.3940   -13.2230   -13.0556   -13.0397   -12.8882    -6.5915    -6.4017    -6.2036    -5.6404    -5.3301    -5.0761    -4.7769    -4.6609    -4.0716    -3.9327    -3.1669    -3.1192    -1.0635    -0.8468     0.6146     0.9442     1.8879     2.4470     2.6207     3.1500     3.7830     4.6387     5.8264     5.9749     6.6819     6.8334     8.6177     8.7531     9.8625     9.9697    10.2108    10.5612    10.6899    10.8703    10.9902    11.0820    11.3229    11.4868    11.6101    11.9678    12.0992    12.2236    12.5636    12.6774
    0.3976   -13.2268   -13.0589   -13.0412   -12.8901    -6.5851    -6.3958    -6.2258    -5.6737    -5.3014    -5.0583    -4.7654    -4.6466    -4.0822    -3.9315    -3.1760    -3.0970    -1.0733    -0.8602     0.6267     0.9629     1.8931     2.4338     2.6268     3.1371     3.7771     4.6295     5.8004     5.9969     6.6391     6.9119     8.5999     8.7494     9.8054     9.9091    10.2514    10.5223    10.7056    10.8152    10.9955    11.0788    11.2994    11.4580    11.6478    11.9562    12.1254    12.3276    12.5319    12.6930
    0.4012   -13.2328   -13.0643   -13.0438   -12.8930    -6.5747    -6.3864    -6.2604    -5.7205    -5.2632    -5.0361    -4.7453    -4.6179    -4.0971    -3.9314    -3.1807    -3.0716    -1.0886    -0.8809     0.6460     0.9927     1.9022     2.4136     2.6365     3.1167     3.7668     4.6139     5.7609     6.0237     6.6094     7.0049     8.5712     8.7448     9.7381     9.8311    10.2389    10.4788    10.7185    10.7595    10.9972    11.0728    11.2516    11.4455    11.6413    12.0002    12.1897    12.4564    12.4813    12.7587
    0.4048   -13.2409   -13.0713   -13.0473   -12.8970    -6.5606    -6.3744    -6.3041    -5.7751    -5.2251    -5.0123    -4.7175    -4.5708    -4.1138    -3.9337    -3.1806    -3.0445    -1.1084    -0.9075     0.6715     1.0320     1.9156     2.3875     2.6498     3.0899     3.7519     4.5917     5.7126     6.0437     6.6015     7.1089     8.5347     8.7378     9.6660     9.7462    10.1534    10.4224    10.6618    10.7967    10.9899    11.0611    11.1878    11.4324    11.6033    12.0855    12.2706    12.4401    12.6151    12.7773
    0.4084   -13.2507   -13.0797   -13.0519   -12.9019    -6.5434    -6.3702    -6.3434    -5.8341    -5.1955    -4.9869    -4.6806    -4.5061    -4.1298    -3.9386    -3.1760    -3.0166    -1.1317    -0.9384     0.7021     1.0791     1.9335     2.3565     2.6668     3.0578     3.7324     4.5629     5.6580     6.0485     6.6212     7.2217     8.4934     8.7278     9.5914     9.6582    10.0242    10.3218    10.6099    10.8479    10.9747    11.0357    11.1248    11.4138    11.5635    12.1969    12.3704    12.4532    12.7619    12.8366
    0.4120   -13.2622   -13.0893   -13.0575   -12.9076    -6.5238    -6.4160    -6.3338    -5.8954    -5.1785    -4.9617    -4.6300    -4.4299    -4.1414    -3.9461    -3.1677    -2.9886    -1.1575    -0.9723     0.7367     1.1323     1.9560     2.3215     2.6877     3.0214     3.7080     4.5274     5.5986     6.0357     6.6692     7.3417     8.4496     8.7141     9.5153     9.5688     9.8734    10.1870    10.5562    10.8521    10.9540    11.0041    11.0903    11.3949    11.5371    12.3273    12.4089    12.5285    12.8495    12.9491
    0.4156   -13.2750   -13.1000   -13.0638   -12.9141    -6.5083    -6.4663    -6.3130    -5.9574    -5.1730    -4.9407    -4.5624    -4.3539    -4.1406    -3.9552    -3.1563    -2.9614    -1.1847    -1.0077     0.7741     1.1901     1.9832     2.2833     2.7128     2.9820     3.6789     4.4857     5.5353     6.0081     6.7410     7.4672     8.4051     8.6965     9.4383     9.4784     9.7113    10.0347    10.4887    10.7678    10.9269    10.9933    11.0830    11.3891    11.5319    12.4146    12.4564    12.6628    12.9278    13.1041
    0.4192   -13.2889   -13.1115   -13.0709   -12.9212    -6.5440    -6.4652    -6.2893    -6.0194    -5.1756    -4.9266    -4.4787    -4.2999    -4.1089    -3.9642    -3.1428    -2.9353    -1.2126    -1.0436     0.8133     1.2508     2.0148     2.2431     2.7422     2.9404     3.6454     4.4379     5.4688     5.9706     6.8302     7.5965     8.3614     8.6747     9.3594     9.3859     9.5453     9.8743    10.4062    10.6422    10.8933    10.9765    11.0722    11.4030    11.5569    12.4481    12.5710    12.7934    13.0098    13.2404
    0.4228   -13.3037   -13.1237   -13.0786   -12.9288    -6.6029    -6.4394    -6.2637    -6.0803    -5.1831    -4.9190    -4.3834    -4.2811    -4.0403    -3.9659    -3.1279    -2.9109    -1.2406    -1.0793     0.8535     1.3132     2.0495     2.2027     2.7760     2.8977     3.6078     4.3847     5.3999     5.9268     6.9313     7.7274     8.3198     8.6490     9.2688     9.2911     9.3883     9.7111    10.3119    10.5023    10.8518    10.9567    11.0408    11.4206    11.6214    12.4854    12.6762    12.9622    13.1225    13.3023
    0.4264   -13.3191   -13.1365   -13.0869   -12.9369    -6.6634    -6.4104    -6.2371    -6.1393    -5.1935    -4.9163    -4.2927    -4.2723    -3.9977    -3.9108    -3.1123    -2.8886    -1.2681    -1.1141     0.8937     1.3762     2.0812     2.1689     2.8136     2.8553     3.5665     4.3267     5.3289     5.8794     7.0398     7.8566     8.2814     8.6202     9.1315     9.2052     9.2656     9.5500    10.2100    10.3578    10.8037    10.9382    10.9956    11.4315    11.7186    12.5281    12.7592    13.0797    13.2235    13.2748
    0.4301   -13.3351   -13.1496   -13.0955   -12.9453    -6.7234    -6.3802    -6.2166    -6.1888    -5.2055    -4.9170    -4.2916    -4.1880    -3.9815    -3.8022    -3.0965    -2.8686    -1.2947    -1.1477     0.9333     1.4386     2.0806     2.1713     2.8094     2.8595     3.5222     4.2646     5.2565     5.8300     7.1522     7.9784     8.2474     8.5912     8.9618     9.1189     9.1724     9.3964    10.1034    10.2154    10.7515    10.9207    10.9454    11.4374    11.8346    12.5743    12.8221    13.1741    13.2215    13.6229
    0.4337   -13.3514   -13.1629   -13.1043   -12.9540    -6.7820    -6.3514    -6.2546    -6.1748    -5.2182    -4.9201    -4.2995    -4.1310    -3.9299    -3.6829    -3.0811    -2.8512    -1.3204    -1.1799     0.9715     1.4997     2.0453     2.2129     2.7682     2.9060     3.4755     4.1992     5.1831     5.7794     7.2645     8.0806     8.2198     8.5682     8.7829     9.0269     9.0903     9.2581     9.9925    10.0823    10.6976    10.8847    10.9136    11.4399    11.9610    12.6205    12.8634    13.1501    13.3679    13.5042
    0.4373   -13.3677   -13.1763   -13.1133   -12.9627    -6.8389    -6.3394    -6.2875    -6.1460    -5.2311    -4.9248    -4.3067    -4.1161    -3.8328    -3.5593    -3.0663    -2.8364    -1.3449    -1.2107     1.0078     1.5585     2.0027     2.2663     2.7281     2.9571     3.4274     4.1314     5.1092     5.7285     7.3723     8.1407     8.2029     8.5598     8.6044     8.9307     9.0141     9.1437     9.8759     9.9662    10.6437    10.8311    10.9012    11.4395    12.0934    12.6641    12.8837    13.1273    13.4702    13.6931
    0.4409   -13.3840   -13.1897   -13.1224   -12.9715    -6.8936    -6.3750    -6.2715    -6.1163    -5.2438    -4.9306    -4.3122    -4.1201    -3.7140    -3.4340    -3.0524    -2.8245    -1.3683    -1.2401     1.0416     1.6144     1.9592     2.3249     2.6907     3.0113     3.3791     4.0621     5.0352     5.6776     7.4701     8.1441     8.1945     8.4206     8.5668     8.8515     8.9430     9.0596     9.7570     9.8687    10.5910    10.7765    10.8925    11.4363    12.2292    12.7018    12.8799    13.1216    13.5833    13.7601
    0.4445   -13.4000   -13.2028   -13.1314   -12.9802    -6.9458    -6.4218    -6.2426    -6.0867    -5.2559    -4.9369    -4.3154    -4.1301    -3.5871    -3.3086    -3.0391    -2.8153    -1.3909    -1.2683     1.0723     1.6665     1.9170     2.3861     2.6573     3.0665     3.3331     3.9922     4.9616     5.6271     7.5505     8.1084     8.1777     8.2536     8.5237     8.8248     8.8790     9.0193     9.6434     9.7864    10.5403    10.7227    10.8863    11.4304    12.3664    12.7293    12.8596    13.1337    13.6733    13.9161
    0.4481   -13.4156   -13.2156   -13.1402   -12.9887    -6.9953    -6.4678    -6.2130    -6.0573    -5.2674    -4.9436    -4.3163    -4.1420    -3.4572    -3.1854    -3.0252    -2.8087    -1.4128    -1.2956     1.0996     1.7141     1.8772     2.4458     2.6316     3.1167     3.2955     3.9227     4.8887     5.5775     7.6055     8.0403     8.0551     8.2111     8.4295     8.8016     8.8305     9.0553     9.5409     9.7170    10.4920    10.6701    10.8821    11.4217    12.5022    12.7380    12.8404    13.1558    13.7474    14.0741
    0.4517   -13.4307   -13.2279   -13.1487   -12.9970    -7.0419    -6.5115    -6.1845    -6.0287    -5.2781    -4.9503    -4.3147    -4.1540    -3.3268    -3.0744    -3.0015    -2.8044    -1.4344    -1.3224     1.1229     1.7555     1.8418     2.4929     2.6239     3.1428     3.2859     3.8545     4.8172     5.5292     7.6290     7.8847     7.9590     8.2234     8.3274     8.7590     8.7912     9.1506     9.4541     9.6611    10.4467    10.6189    10.8799    11.4104    12.6266    12.7247    12.8402    13.1816    13.8116    14.2307
    0.4553   -13.4450   -13.2397   -13.1569   -13.0049    -7.0853    -6.5524    -6.1579    -6.0010    -5.2878    -4.9569    -4.3108    -4.1654    -3.1986    -3.0241    -2.9206    -2.8008    -1.4562    -1.3491     1.1419     1.7804     1.8216     2.5079     2.6530     3.1275     3.3216     3.7885     4.7474     5.4823     7.6177     7.7187     7.8732     8.1815     8.2845     8.7249     8.7560     9.2562     9.3908     9.6236    10.4045    10.5689    10.8791    11.3965    12.6579    12.7636    12.8684    13.2073    13.8668    14.4069
    0.4589   -13.4586   -13.2508   -13.1647   -13.0124    -7.1255    -6.5903    -6.1335    -5.9746    -5.2966    -4.9632    -4.3050    -4.1756    -3.0807    -3.0009    -2.8276    -2.7799    -1.4788    -1.3759     1.1565     1.7655     1.8400     2.4988     2.7097     3.0929     3.3805     3.7259     4.6800     5.4374     7.5535     7.5771     7.7949     8.0886     8.2883     8.6961     8.7401     9.3038     9.3879     9.6227    10.3657    10.5202    10.8795    11.3801    12.6161    12.8026    12.9582    13.2310    13.9180    14.5586
    0.4625   -13.4712   -13.2612   -13.1719   -13.0194    -7.1622    -6.6250    -6.1118    -5.9495    -5.3044    -4.9691    -4.2978    -4.1844    -3.0245    -2.9255    -2.8122    -2.6813    -1.5028    -1.4033     1.1666     1.7423     1.8661     2.4837     2.7736     3.0561     3.4456     3.6683     4.6157     5.3948     7.4026     7.5017     7.7257     8.0008     8.2806     8.6652     8.7474     9.2960     9.4115     9.6875    10.3305    10.4726    10.8809    11.3614    12.5668    12.8072    13.0782    13.2515    13.9643    14.7446
    0.4661   -13.4827   -13.2707   -13.1786   -13.0259    -7.1953    -6.6564    -6.0927    -5.9263    -5.3112    -4.9744    -4.2897    -4.1912    -3.0131    -2.8332    -2.7909    -2.5712    -1.5287    -1.4317     1.1724     1.7219     1.8888     2.4688     2.8337     3.0256     3.5069     3.6209     4.5551     5.3548     7.2577     7.4143     7.6594     7.9267     8.2601     8.6359     8.7609     9.3083     9.4041     9.8000    10.2990    10.4259    10.8828    11.3401    12.5162    12.8006    13.1988    13.2682    14.0069    14.8706
    0.4697   -13.4932   -13.2792   -13.1847   -13.0317    -7.2248    -6.6842    -6.0763    -5.9050    -5.3170    -4.9792    -4.2817    -4.1958    -3.0081    -2.8266    -2.6858    -2.4646    -1.5573    -1.4613     1.1745     1.7055     1.9072     2.4559     2.8760     3.0141     3.5292     3.6169     4.4989     5.3179     7.1227     7.3239     7.5919     7.8669     8.2337     8.6097     8.7675     9.3471     9.3889     9.9263    10.2718    10.3799    10.8850    11.3163    12.4663    12.7881    13.2796    13.3140    14.0463    15.0575
    0.4733   -13.5024   -13.2868   -13.1900   -13.0369    -7.2506    -6.7086    -6.0625    -5.8860    -5.3219    -4.9833    -4.2745    -4.1980    -3.0053    -2.8314    -2.5748    -2.3633    -1.5889    -1.4925     1.1735     1.6930     1.9215     2.4454     2.8835     3.0373     3.4987     3.6684     4.4480     5.2845     6.9995     7.2373     7.5248     7.8194     8.2067     8.5869     8.7647     9.3599     9.4224    10.0503    10.2501    10.3353    10.8874    11.2899    12.4182    12.7719    13.2884    13.4170    14.0830    15.1515
    0.4769   -13.5103   -13.2933   -13.1946   -13.0413    -7.2725    -6.7293    -6.0512    -5.8695    -5.3260    -4.9868    -4.2691    -4.1976    -3.0036    -2.8374    -2.4693    -2.2688    -1.6237    -1.5253     1.1704     1.6840     1.9321     2.4372     2.8687     3.0815     3.4628     3.7266     4.4031     5.2549     6.8900     7.1588     7.4617     7.7814     8.1822     8.5678     8.7557     9.3440     9.5011    10.1506    10.2417    10.2990    10.8895    11.2607    12.3733    12.7538    13.2932    13.5067    14.1186    15.2032
    0.4806   -13.5168   -13.2987   -13.1984   -13.0450    -7.2905    -6.7463    -6.0423    -5.8558    -5.3293    -4.9896    -4.2654    -4.1952    -3.0027    -2.8433    -2.3717    -2.1824    -1.6616    -1.5593     1.1662     1.6777     1.9396     2.4310     2.8495     3.1277     3.4313     3.7800     4.3651     5.2297     6.7964     7.0910     7.4061     7.7511     8.1617     8.5521     8.7445     9.3294     9.5878    10.1725    10.2317    10.3356    10.8913    11.2292    12.3332    12.7356    13.2953    13.5802    14.1532    15.2796
    0.4842   -13.5220   -13.3029   -13.2015   -13.0479    -7.3046    -6.7596    -6.0355    -5.8450    -5.3317    -4.9918    -4.2634    -4.1916    -3.0022    -2.8485    -2.2844    -2.1062    -1.7012    -1.5937     1.1618     1.6737     1.9447     2.4265     2.8323     3.1679     3.4058     3.8251     4.3346     5.2093     6.7205     7.0362     7.3605     7.7277     8.1457     8.5400     8.7338     9.3176     9.6747    10.1459    10.2055    10.4252    10.8926    11.1968    12.2995    12.7191    13.2956    13.6364    14.1871    15.3458
    0.4878   -13.5257   -13.3060   -13.2036   -13.0500    -7.3147    -6.7692    -6.0308    -5.8372    -5.3335    -4.9933    -4.2624    -4.1881    -3.0020    -2.8526    -2.2115    -2.0433    -1.7395    -1.6260     1.1581     1.6712     1.9479     2.4236     2.8191     3.1988     3.3872     3.8593     4.3122     5.1943     6.6646     6.9958     7.3269     7.7110     8.1343     8.5314     8.7253     9.3092     9.7561    10.1015    10.1903    10.5050    10.8932    11.1663    12.2738    12.7059    13.2950    13.6751    14.2138    15.3613
    0.4914   -13.5279   -13.3078   -13.2049   -13.0513    -7.3207    -6.7749    -6.0280    -5.8325    -5.3345    -4.9942    -4.2620    -4.1856    -3.0020    -2.8552    -2.1602    -1.9996    -1.7698    -1.6509     1.1556     1.6699     1.9496     2.4219     2.8109     3.2182     3.3757     3.8808     4.2986     5.1850     6.6303     6.9711     7.3063     7.7010     8.1275     8.5262     8.7199     9.3041     9.8235    10.0551    10.1828    10.5598    10.8932    11.1433    12.2577    12.6974    13.2942    13.6976    14.2312    15.2875
    0.4950   -13.5287   -13.3084   -13.2054   -13.0517    -7.3227    -6.7768    -6.0271    -5.8309    -5.3348    -4.9945    -4.2619    -4.1847    -3.0020    -2.8561    -2.1410    -1.9835    -1.7820    -1.6607     1.1547     1.6695     1.9502     2.4213     2.8082     3.2248     3.3718     3.8881     4.2940     5.1819     6.6188     6.9628     7.2993     7.6976     8.1253     8.5245     8.7180     9.3024     9.8543    10.0313    10.1804    10.5796    10.8931    11.1345    12.2522    12.6944    13.2939    13.7050    14.2378    15.3176
